1522301498
2462831000
2541244035
2594414520
2605095164
2605333377
2605904100
2608161825
2735642330
2744766693
2751688886
2761873684
2765545856
2766284073
2771208044
2774837955
2783348085
2785433750
2785533664
2786802517
2787045403
2787579267
2792827505
2794426516
2794823433
2796902985
2798811024
2798957492
2808195542
2808815309
2809353777
2810533955
2811027900
2884506312
2886748926
2891754318
2892009954
2893268956
2894788161
2898387785
2900531094
2901469772
2902296270
2902749952
2903200123
2907366400
2907886055
2908729273
2913079660
2916562010
2917138319
2920887644
2922249902
2928530452
2932480350
2934806712
2936295285
2936520980
2941859709
2946044191
2946869570
2947224127
2947461788
2948743095
2948793189
2948930516
2949896890
2950937143
2951233667
2951305674
2951312444
2951543836
2952236815
2952508421
2953392161
2953793718
2955819861
2955914515
2958373708
2959209404
2964566605
2966367171
2966638278
2968543045
2969329284
2969463522
2972280210
2972282440
2972884859
2977122666
2979426349
2982541662
2983779407
2984514542
2989927651
2990486178
2990505274
2990647144
2991227784
2992737371
2993749257
2994926185
2995197009
2996610304
2997877901
3003587002
3005705715
3005974022
3005978990
3008246719
3010349053
3012121305
2290523257
2333611780
2513135763
2524011860
2575480513
2582794520
2604526796
2738493602
2740752445
2750699642
2753568442
2767052532
2769220872
2769242856
2771010312
2781620681
2790695487
2798724621
2800332700
2803573348
2807455131
2808080405
2809824610
2885586371
2886463271
2887558369
2888958984
2890276152
2897676937
2898684159
2900042804
2901077311
2903199940
2907260076
2907822478
2908766680
2911429846
2921184280
2921490118
2925426609
2928602793
2934128286
2936102783
2936585638
2938726871
2939097319
2944754708
2946515652
2949139067
2949477558
2950034362
2950074182
2950834099
2951366090
2951435470
2951834831
2952042565
2952084263
2952145882
2952361133
2952521473
2952703215
2953196973
2953271402
2962687069
2963887424
2964667014
2966253987
2966880194
2969446490
2970210011
2970223322
2971355948
2971570684
2971753360
2971802465
2974351790
2974947902
2980749867
2981155416
2984507463
2989561359
2989607259
2989978381
2990295978
2992519979
2993124349
2997616454
2998224288
3000364559
3002711239
3003076898
3003950743
3006581712
3006958873
3007633413
3009582133
3010805364
3012016765
3012540512
2174833404
2400532028
2471933213
2482622595
2529373190
2545316382
2604665028
2610920311
2614235495
2623892189
2734844314
2735253541
2754845850
2764168753
2766672686
2768867425
2768908787
2780788572
2788187279
2795434624
2796802522
2798386241
2798742608
2803661804
2804205394
2804368052
2806342347
2806631017
2806723288
2807300961
2807805698
2808455122
2808566528
2808991596
2810030371
2889713529
2890177507
2895861432
2900487521
2901085550
2904616874
2905437248
2907303408
2908561578
2911737132
2912961385
2915445594
2940581368
2943033905
2943527153
2944116764
2945924057
2950414499
2951301202
2951546515
2951842026
2952416122
2952647908
2953476352
2955354750
2956491250
2958568493
2960789864
2960841577
2962669439
2963709182
2964420626
2964507450
2965779266
2968541158
2969901709
2969965779
2971973847
2972417789
2972859464
2973219196
2974690168
2975966238
2976922584
2979031135
2979812570
2981674601
2981697272
2984459021
2985622559
2987799900
2989679455
2989909560
2993149128
2994811754
2995005087
2997059872
2998281275
2998977000
2999037634
3006273042
3007676238
3008187564
3008216235
3008449794
3008914387
3011672202
2247305181
2520305281
2563786098
2577837170
2586992290
2594088761
2605048551
2615864187
2621042378
2623975327
2752521084
2753672439
2761608668
2767414122
2768339145
2782490852
2783870679
2785994509
2788800397
2789560864
2789601762
2792249276
2796653679
2810592328
2883624789
2884575205
2885324189
2889273139
2890638727
2890731583
2891901715
2892550322
2894101493
2895192346
2896388224
2901499219
2903478682
2903574704
2911586796
2912656237
2914203408
2919360088
2919570819
2922593726
2933283236
2935564801
2938690944
2938861975
2940081677
2941877792
2943931381
2944784882
2946646791
2947101691
2947839263
2949210751
2949754407
2949776890
2949844463
2950391118
2950557997
2950962173
2951719623
2952354644
2956683046
2956958106
2957800606
2964852314
2965671543
2969814989
2969899802
2972049650
2972223556
2972435282
2972437349
2973126028
2973886134
2974324652
2974904219
2976675450
2979599767
2980939785
2981030070
2981458089
2982662204
2986262372
2988348076
2989593485
2990147108
2991389044
2991587282
2992341864
2996078716
2996629713
2997855811
3004704245
3005507986
3005888089
3006668460
3007097769
3007537746
3011013751
3012252990
1583912456
1779483307
2345764277
2560404968
2560476520
2601713192
2605384636
2620263509
2669742347
2689134854
2753599521
2760172282
2772072643
2776777826
2777629900
2787266142
2788190072
2788612614
2790713194
2791366550
2793869958
2794703302
2795900505
2797117518
2798278946
2800958914
2887691119
2888043458
2889201838
2892972286
2894169497
2896234464
2899281149
2904724173
2907846414
2911550516
2912365261
2917796755
2918866497
2920981052
2921200302
2923054166
2923841363
2929293193
2936687512
2937993361
2940274780
2940552531
2944264649
2945473295
2946839488
2948092553
2948410735
2948667103
2948829945
2949074203
2949248709
2949351114
2949360683
2950133079
2951422922
2952523162
2952579993
2952618358
2952801746
2953101770
2954080348
2955993284
2956032547
2963939873
2963978890
2972933289
2973778533
2973841807
2974287247
2976847563
2981073781
2982188262
2984259753
2985402734
2990258745
2991061108
2993565147
2996443676
2997264916
3001160332
3001943432
3002056157
3003156491
3006668500
3007163505
3008001928
3008513726
3011546779
2136462581
2254108842
2340486923
2608117728
2616122292
2620481664
2623210963
2716974933
2751909359
2756005033
2762865942
2766182755
2768848988
2773419596
2774514598
2774982397
2781278633
2785847727
2789958674
2791621240
2793695846
2800035953
2803206166
2803288307
2803300321
2810611310
2811079561
2826533570
2884375749
2886758236
2890446476
2898906377
2902131128
2902623419
2905139236
2907379776
2908737739
2910488797
2914012070
2914238185
2916093327
2916959999
2924793069
2928059219
2932274394
2935237481
2936723802
2938421504
2941044098
2943697196
2944129278
2945435515
2945490722
2945622114
2947657834
2949185929
2949476233
2949758301
2949784712
2950045825
2950202711
2950520974
2950575501
2950604921
2950903920
2951062355
2951222010
2951241690
2951579423
2952203969
2952339051
2952864967
2955421959
2957459384
2958855579
2962367755
2967817162
2971211322
2971350781
2971943625
2972164265
2972456535
2972732544
2974318207
2976154969
2977856604
2979309789
2979693078
2980390893
2980598082
2980969112
2981226907
2987626786
2989871743
2990095214
2991178846
2996170186
2997863059
2998581123
2999532628
2999883762
2999957621
3005078977
3006151044
3007257800
3008759432
3009172531
3009186979
3010489274
3010491606
3011655242
1902934009
2300343233
2418011751
2427497464
2533220144
2542911914
2592224755
2604306554
2741838462
2742468459
2748912188
2752168051
2753687772
2754728134
2763949312
2764207251
2768660351
2769395616
2775533489
2777685081
2786969620
2790627773
2793483045
2794365787
2795916123
2797944848
2799078728
2805177834
2810699377
2883579164
2892314544
2893741601
2895615590
2900595477
2900879308
2900900206
2902058571
2902369404
2902776281
2904116886
2906888662
2914081143
2921997616
2924093473
2926819093
2943056403
2943459728
2943669262
2946234452
2946325351
2947227890
2947665353
2947735095
2947748865
2947924231
2948556812
2949155196
2949360407
2949633389
2949925139
2949991850
2950248781
2950314391
2950709644
2950820654
2950979696
2951205098
2951383440
2951536030
2952973005
2953316038
2954295695
2958458355
2961663897
2962991329
2964846271
2965960151
2966866483
2969608510
2970574533
2971593784
2971779966
2972078341
2972171549
2972296765
2972600963
2972633094
2975540689
2976566494
2978037192
2978151578
2978706607
2979932155
2980015882
2981477065
2981714504
2981945949
2982596739
2985140299
2987602206
2990130865
2990422126
2991085092
2994943647
2995135659
2995221840
2995422084
2995743219
2996380287
2997326211
3003948647
3004592979
3004692581
3005034837
3006888650
2253795368
2475164784
2580360036
2597841701
2607675984
2618219509
2736631019
2738152205
2747445128
2749785278
2750020389
2756184659
2756320212
2759754278
2763213899
2764115076
2771727678
2773686055
2781017426
2781503220
2783279729
2793272600
2794800539
2794809451
2795373141
2797967875
2798926648
2798979890
2799205108
2803671006
2805582514
2806464357
2806591392
2888239505
2891642266
2894088664
2894384847
2901599654
2907014936
2912660065
2922525415
2931263075
2939239448
2940861961
2947104369
2947675203
2948087948
2949078677
2949730766
2949750892
2950481723
2950540566
2950668883
2950689937
2950826569
2951056918
2951107242
2951493682
2951575317
2952416306
2952436003
2952500258
2953343740
2953432230
2954988885
2963411662
2965134550
2965326126
2967272278
2968163259
2969179485
2969968729
2971876967
2972049485
2972838397
2973158591
2975527908
2976702599
2979759847
2980131983
2980318761
2981826164
2985433903
2985513013
2988346595
2989812581
2991847241
2992794988
2994849131
2996004754
2996938645
2998636660
3006499365
3007795830
3009959560
2402213890
2521863123
2553897675
2559626456
2569260160
2605195953
2606993052
2609482285
2619204584
2623008283
2737168043
2738858320
2746842762
2755301019
2765172389
2767002724
2772136736
2778633128
2781585732
2783827255
2786615588
2788522804
2788628106
2788768663
2790888757
2790933182
2794627954
2795499088
2795758732
2795824235
2804371177
2807895655
2809898080
2889019337
2892146082
2893015217
2898170962
2901247417
2901338647
2901751835
2901813505
2902912462
2905730339
2908395231
2912945917
2922809242
2931116403
2931744530
2931958115
2936932542
2938834661
2939483835
2945526826
2946238681
2947622595
2948180798
2948695354
2949037833
2949059773
2949696009
2950359401
2950801460
2950886087
2951051561
2951064684
2951319533
2951320766
2951686386
2952010730
2952047226
2952147261
2952484912
2953021514
2955711416
2955871884
2955943532
2956141336
2965293401
2965685620
2966108228
2967918761
2971954083
2972529580
2972675521
2972851234
2973668385
2977825354
2977944219
2978849187
2979532685
2979630895
2980362438
2981438296
2981956546
2983196490
2984520708
2985443167
2986623218
2990033294
2990139494
2990846467
2990927300
2991172277
2994721912
2994946702
2995488116
2995890703
2996906101
3000310304
3002890499
3003560423
3007400746
3007537083
3007976606
3009555067
3010917708
1767302903
2326347043
2549531315
2554229000
2555488107
2557216475
2560738113
2567589630
2594121863
2616817002
2619508703
2625426967
2687693326
2752077245
2753358588
2753542351
2761777661
2763761345
2765352990
2784344583
2785712565
2787035179
2787266721
2788053000
2788989367
2790610275
2791651172
2795274459
2797030127
2798964688
2803560827
2805183640
2805214778
2805251476
2805395043
2806706403
2807787081
2883207481
2890622142
2891997820
2895155305
2899921830
2900573306
2901939506
2904639187
2904885070
2905677277
2906346536
2906685478
2909696647
2910678863
2911484171
2911758669
2912289011
2912336782
2913396088
2914078613
2921500843
2924200781
2924222354
2929753309
2932591768
2934507478
2938544580
2943225778
2943961047
2945659254
2946304433
2947456910
2948157954
2948655914
2949481100
2949876402
2949971486
2950582891
2950729430
2950898700
2951528897
2951775515
2951867568
2952395326
2952955766
2953246899
2953802602
2954607598
2954950002
2957020430
2960974567
2965485674
2966585504
2967373986
2969838090
2971482652
2971737394
2971911570
2972102923
2973605851
2975999915
2978604418
2979515957
2980241036
2982145100
2982159039
2982447622
2985879841
2985923700
2988131435
2988586966
2989427378
2989633139
2990228808
2990560900
2990626178
2992279134
2995007159
2999459596
3001150387
3005871041
3006493147
3006947600
3007117364
3007759824
3008447585
3008999375
3009881372
3010644853
2197886894
2198851392
2201581102
2278673072
2483814582
2549512714
2551937961
2592236122
2592329056
2613404084
2622442300
2725395424
2740777550
2741325263
2746808752
2752104716
2754524185
2765542826
2766302693
2767085854
2769237037
2779879441
2784187484
2784918340
2785487749
2787901412
2794493278
2796956679
2798589784
2803525166
2803959545
2807747378
2809313038
2809437241
2810531847
2883383043
2887259728
2891635909
2899205164
2900459988
2901045486
2902494497
2903356604
2904411779
2907803009
2910124058
2916063822
2916142971
2917413209
2921384283
2923172667
2925147220
2928922984
2932542080
2946807670
2947082274
2947492009
2948336019
2949288773
2949706235
2949906242
2950108968
2950353181
2950613790
2950869915
2950948614
2951349360
2951699317
2951909318
2952132945
2952522529
2952762094
2952818072
2955810669
2962960377
2964983108
2966803114
2966870361
2969316129
2971639707
2972739502
2972867345
2973229985
2974266411
2975586943
2975798666
2978864545
2981083813
2983457858
2983924773
2984546022
2984843641
2987428723
2989596816
2990156305
2994661265
2995389015
2995796742
3001192515
3001386644
3003495958
3004473134
3006758556
3007815734
3008485484
3009893473
2179072710
2214429195
2439787475
2443536229
2515741950
2525246036
2534834437
2545779397
2552611751
2556467266
2590833223
2594169167
2608224443
2623491082
2729122095
2731010577
2738581557
2748973159
2751674858
2751937773
2753391154
2756198004
2767989436
2771909967
2773850766
2782852064
2783330387
2786104118
2787481791
2787757704
2788009370
2788306606
2788771790
2791176029
2795143051
2796664995
2796979813
2797381281
2797698028
2798369086
2798670545
2803367936
2883649754
2884148236
2899763763
2899960587
2902348614
2904140919
2904736059
2910788328
2913109129
2918665764
2919560363
2924137256
2925052226
2933625230
2936135081
2936783042
2938390807
2944330558
2945850503
2947108338
2947380094
2947958360
2948680261
2949270253
2949576065
2949920209
2950246085
2950375074
2950685899
2951249171
2952286548
2952669969
2952754098
2953354017
2959989160
2963382687
2964037330
2964264308
2967807356
2969676305
2971519569
2971524212
2972052330
2972632252
2973506927
2973842326
2974007809
2975293371
2977230103
2977744667
2978411033
2981661788
2981811634
2984143727
2985647694
2986075103
2989239257
2990362151
2995724309
2996037775
2998041028
2998314941
3000156337
3003959887
3005373878
3008885146
3008966357
3010698053
3011287032
2286376758
2430115225
2536280744
2578877523
2601295960
2604593109
2621379712
2684734919
2747529198
2748425182
2750414430
2767103364
2768431869
2768991614
2771594282
2773198688
2777054756
2782031709
2784999995
2785469404
2787473977
2788837839
2791544097
2792937288
2794337790
2795709826
2795727551
2796528463
2796886047
2797997321
2798314886
2799913653
2803232390
2804243936
2808173987
2884110460
2886300792
2891381840
2894545902
2896262330
2897369300
2898748669
2898847420
2899035231
2899129842
2903073381
2904167876
2906502833
2908490889
2908632140
2910050389
2911936567
2914665399
2916628745
2925846278
2928153079
2935184916
2936627440
2937051932
2937556626
2938661119
2939088803
2941657271
2942580297
2943522802
2943939755
2944011193
2945337239
2945854265
2946846126
2947113301
2947630742
2947889298
2948268323
2949510092
2949636769
2950502871
2950742292
2951770173
2951865915
2952844536
2952874686
2953139660
2953160993
2959988346
2960409017
2965181940
2965644659
2967201998
2969673718
2971616043
2971944436
2972522277
2976168328
2978543698
2981275410
2981491547
2982246413
2982277739
2989604998
2990716646
2991622177
2994406485
2995975522
2998430347
2999433534
3001648046
3003941880
3006762847
3007369745
3007721491
3009133380
3009389110
3009775603
3009840839
3010821730
3011265710
2196707239
2345441929
2416283945
2469490737
2476099471
2523467643
2556388400
2593290785
2740887292
2749217858
2755063399
2771907641
2776827730
2777181663
2783678721
2785921341
2785933908
2787249246
2787672622
2788491273
2789084548
2793546384
2797225766
2797371199
2804176584
2804796373
2805041018
2805939409
2843598537
2883958538
2886790750
2891925283
2893864478
2896549049
2898937948
2899434523
2901486421
2901660337
2902075187
2902264751
2905364877
2905589030
2906021645
2909338255
2910526137
2911591567
2912827717
2916962199
2921558605
2922301908
2922988049
2932710705
2934857476
2946841533
2947314843
2948415302
2949376505
2950006889
2950161879
2950291510
2950394224
2950476367
2950937274
2952505812
2952999652
2953386664
2953814417
2954366630
2955096590
2957652735
2958554379
2959364614
2965457701
2969294978
2969944405
2971386244
2971735331
2972007096
2972176626
2972304568
2972353290
2972747457
2973205237
2978085107
2979472564
2980016056
2980960567
2983294775
2986322586
2990035808
2991286286
2995242814
2995333547
2999589176
3002679281
3005494263
3005696898
3005967956
3006989135
3007008027
3007557661
3010167627
3010516204
2333796428
2428112462
2613585861
2618483264
2691067844
2733961795
2743102907
2751448157
2752871145
2758552637
2762502511
2765488184
2765961751
2766163375
2769618705
2769825951
2784647531
2786629437
2787189213
2788212683
2790040974
2792643794
2793444752
2796096241
2798304602
2798437152
2798610244
2800895358
2804639553
2806970110
2807036696
2807925766
2808835464
2809906856
2810299184
2810337461
2889587707
2890603826
2891143126
2891359018
2895579464
2898410387
2898711434
2900587877
2901710196
2902031012
2904022486
2907424612
2909282135
2911300280
2912577986
2913756056
2914790446
2915212708
2916252032
2918732801
2920971841
2924817633
2925770972
2931026754
2934100103
2936824929
2938369899
2944270038
2949767467
2949847915
2950273018
2950318067
2950524061
2951964038
2951998717
2952006424
2952218014
2952270349
2952647681
2952663767
2954453255
2954713061
2958586587
2958888037
2959756691
2962694670
2964070285
2964856849
2968293285
2969607475
2972012950
2973485811
2974011685
2979065840
2979211489
2981479090
2983284207
2985128858
2989670361
2989780045
2990566609
2990736293
2992270866
2994903552
2999003541
2999989584
3003261425
3005521220
3005823977
3007201586
3007721121
3008546095
3011767095
2410156224
2427764808
2516038988
2519687121
2554863749
2587534763
2592285981
2618527520
2618609858
2698857938
2737152053
2745166287
2749210027
2750760359
2753115354
2761498243
2768512425
2769219710
2775085278
2783727254
2784555430
2785253905
2786774401
2792811825
2798158991
2798701005
2802022891
2804816149
2804911075
2807621734
2809256974
2883925446
2884420041
2890803484
2891087078
2892217449
2899992988
2903771406
2914268814
2914510789
2915004230
2925203451
2934025569
2941866597
2943449463
2946801469
2946926542
2947973444
2949303562
2949424672
2949642792
2950129142
2950297087
2950378732
2950398970
2951046677
2951439986
2951745349
2951753613
2951821408
2951911415
2953146438
2953491915
2953498113
2953655861
2954124977
2955665578
2960526001
2966301869
2969578508
2969635814
2969862959
2971629126
2973437298
2973976116
2974845031
2978627957
2980149079
2980391504
2980537980
2981623153
2981830988
2982410015
2982671023
2983086530
2984147501
2989268584
2990235563
2990795634
2991670211
2992765830
3002348292
3004284014
3005996763
3006014043
3006259287
3008381894
3008877102
3009500112
3009932828
3010806089
2140713321
2174649533
2227316993
2294388350
2395566064
2518108298
2542506034
2591013610
2611733323
2612810742
2616125804
2623705756
2624431344
2749208723
2753192453
2754858562
2762453223
2768671080
2769131622
2777298534
2789186991
2789525339
2792904071
2793788632
2795447360
2796207103
2796372625
2796873224
2798515522
2798520291
2799082722
2799299410
2805403880
2807622263
2810903307
2841315182
2884555618
2885824038
2889297134
2889506631
2890116921
2890183881
2891939579
2902030013
2902452957
2903878515
2904407111
2905998260
2906574053
2913946806
2917122039
2924984885
2929264986
2932105257
2939795759
2946078514
2946551389
2946775356
2947753969
2948727657
2949092679
2949130266
2949602648
2949631406
2949907528
2950004691
2950023815
2950541243
2950632879
2950985258
2951047368
2951368813
2951998515
2952048081
2952661777
2952739082
2955839746
2959103553
2959813266
2964608056
2964624057
2965154629
2965192329
2968225932
2969373535
2971506835
2975402148
2980042298
2980234052
2980910156
2981662178
2981757109
2982060125
2983596383
2983829373
2990424029
2990476209
2992304145
2993647200
2994073215
2995468781
2995892729
2996478878
2997756832
3002461429
3003283641
3005460002
3006369376
3007196997
3007520736
3008823916
3009277304
3010477810
3010937527
3011630188
2181028625
2346917897
2418046303
2523469089
2559950316
2598634450
2613896470
2625398819
2735213533
2741685120
2749432513
2774665171
2775482966
2781922022
2784596339
2785641051
2798031655
2798189842
2804016305
2809705526
2811025443
2883441015
2892359699
2892364942
2893463550
2898904728
2900790749
2901291904
2903046518
2903130652
2904517827
2904631866
2906136604
2908692794
2912170932
2913716918
2913999406
2920796904
2920806842
2920816188
2921392936
2923493534
2936290098
2940513107
2945569004
2946077020
2947749443
2948199445
2948563241
2949086407
2950003878
2950503707
2951225148
2952079391
2952405182
2952418266
2952544986
2952628744
2952706341
2952823162
2953328281
2956387449
2956515571
2957183436
2961784244
2962189682
2964240269
2965024796
2970259716
2972214295
2979381349
2979611365
2982056970
2984693480
2991032634
2991340425
2994486311
2997275874
2997736261
3000686177
3005043394
3005311399
3008495056
3010815829
2269649163
2284936106
2473225499
2513173501
2585386021
2607750299
2732814491
2750444890
2751656674
2755546070
2765322130
2769460278
2770325561
2786127704
2787636496
2787893026
2788193959
2791040128
2791492630
2795815916
2796898817
2802881741
2803292665
2804108345
2806909486
2810641379
2810986403
2885208901
2885765530
2886308857
2889557241
2890020804
2896669088
2897303468
2903183390
2906177770
2906501138
2908498346
2909544278
2912677700
2917962371
2921447533
2932613386
2934616134
2936050886
2948917653
2949085613
2949409558
2949437520
2949694312
2949835834
2950274562
2950853958
2951124598
2951127645
2951213053
2951499258
2952524552
2952686743
2952693835
2953060218
2953076834
2953405240
2953503386
2953532141
2953678868
2953887157
2955646770
2960705509
2962838925
2963237824
2964532051
2966319937
2966613492
2967210407
2968928303
2969159569
2972797657
2973297511
2977127368
2977184657
2977451408
2978619380
2981310851
2982026991
2982116095
2982862350
2986081673
2989440663
2990522755
2993621950
2994443223
2996238012
2996348081
2999910627
3002709689
3005018831
3006573009
3007665694
3009641541
2528130257
2550241133
2580079839
2604132379
2624448691
2626504234
2721538148
2736712857
2742972466
2760566451
2761178582
2762791815
2766462876
2770814335
2775524044
2783263485
2788191623
2791662137
2800482383
2803332797
2805666327
2806061475
2884585535
2886991642
2889998525
2891469484
2892049826
2895813011
2898963688
2900654821
2904893058
2907920413
2909067445
2909959447
2916291526
2922034559
2927871017
2934641558
2940370640
2943249692
2943671810
2944127276
2944299231
2948023943
2949078140
2949166717
2949558265
2949655570
2950335938
2950448185
2950703532
2951504627
2951551819
2952097496
2952467940
2952565226
2952798561
2953071772
2954367765
2955766841
2956783984
2964548769
2967013449
2967637334
2968140881
2970603031
2971205487
2971598439
2973834065
2975217196
2979684565
2979898098
2979922172
2981796554
2982036217
2982168986
2982280733
2982420042
2982529480
2983383980
2989594505
2990192458
2990456922
2992535490
2992994864
2993256092
2993832708
2994513481
2995349886
2997549577
2999135330
2999295839
3004688067
3005761304
3010076365
3010226401
3010427722
3010692821
3011250331
3011406075
3012148063
1441091828
1531388653
1894751523
2268999051
2293299676
2304545146
2353278259
2508030421
2520945814
2593649546
2652651782
2737108017
2745172755
2747148117
2761173690
2767537294
2767793144
2773781902
2775776326
2787840843
2791357396
2794363191
2795143128
2797033345
2797784912
2798293082
2803244426
2884901161
2895705233
2896938796
2900127593
2902904812
2902907044
2904501729
2912200093
2914005726
2915045422
2918156971
2941441528
2945324091
2945908093
2946068894
2946348289
2946567434
2946620565
2948080913
2948168221
2949163130
2949568611
2949571699
2949854508
2950272601
2950471768
2950756436
2951129992
2952120674
2953761480
2954713924
2956076990
2958771129
2962736944
2962900130
2963555522
2970613528
2972200677
2972650807
2974704600
2979917395
2981769533
2982298563
2985386758
2987644081
2989102449
2989659152
2993537265
2995108618
2996623289
2997678531
2999791567
3006327038
3007259350
3007628345
2273348943
2559927751
2592080077
2598850918
2641889749
2729503159
2739171315
2759753143
2766956386
2770241596
2773897692
2774866976
2775600882
2784195389
2786396726
2791267908
2796049481
2797347351
2799116291
2801686829
2804222831
2808401846
2885930233
2889833989
2892051223
2895947065
2897023205
2899313146
2899536062
2900559324
2901478611
2901552243
2901827878
2903196970
2906750803
2906775339
2918364554
2921771605
2923942255
2924514860
2924679246
2927924433
2928773704
2931231684
2934287236
2935824555
2938269852
2939292326
2939503538
2942322914
2943956032
2946787878
2948376147
2948395244
2949253602
2949720626
2950352605
2951061410
2951397903
2951830307
2952086041
2952098737
2952124912
2952215380
2952408344
2952527182
2953137234
2953829678
2954141457
2962367118
2963648339
2967273663
2968670041
2970281864
2971487811
2972264839
2973015281
2973039928
2975819162
2977957659
2980908801
2980953952
2981523139
2981902181
2983247657
2983785293
2986695440
2987423126
2990436499
2991741406
2993491976
2995970948
3003167480
3003842237
3004452579
3004582488
3005436296
3007231662
3007987416
3008769740
3009091000
3009482281
3012544197
2200374509
2734399784
2751958095
2754560493
2754651810
2760277348
2766635461
2766960583
2768185495
2772135636
2781824996
2785176118
2788109215
2788764574
2788902803
2789580031
2794122178
2794489531
2795110429
2795322599
2798538010
2799071926
2799345082
2800507189
2804075771
2804923386
2807942558
2810620077
2810676804
2814123995
2865542650
2875154903
2883243526
2883922768
2889801236
2889822862
2891004411
2897188355
2900298217
2900599876
2901839369
2901846148
2903336360
2904608878
2905483182
2907322140
2910135751
2911856984
2912600959
2913155064
2915660515
2917550650
2917677423
2920196467
2927862961
2928117791
2929483642
2930273985
2939136205
2939331721
2939912336
2942881521
2944254132
2946047769
2947006053
2947317857
2947847748
2948900933
2948918631
2949970154
2950762068
2950803838
2950865354
2950883163
2951701333
2951725892
2952389078
2952550171
2952693415
2952968893
2953099504
2953707798
2955239580
2956843879
2963623994
2964468534
2965739887
2966891527
2967466692
2968258309
2969842883
2970096436
2971414575
2971473245
2972031576
2972292603
2973091507
2974086285
2975674317
2976186803
2977069690
2977949008
2978104058
2978324563
2981040094
2981978388
2984344471
2984952064
2988903327
2990061932
2991149871
2994422053
2995649206
2995928604
3000556572
3002592339
3007908666
3008092415
3008584368
3009272685
2500329338
2534135591
2617297150
2736292279
2738049737
2739255396
2751258126
2752185112
2752848290
2754890994
2757194500
2787032417
2787109832
2789965037
2795199972
2796942851
2798412538
2799043392
2803679278
2804116422
2804950885
2807000842
2808820057
2810330923
2885673189
2886255780
2887953252
2890645261
2891685409
2898348264
2901086439
2901865741
2902400410
2902516314
2902989049
2904290346
2907921586
2912829311
2917432362
2918728527
2922080080
2923147261
2923673772
2925301609
2938556793
2941500661
2943842929
2945692931
2946020414
2946152262
2946376398
2947554829
2947784451
2949166814
2949573951
2949743786
2950201593
2950616067
2950692788
2951916398
2952236454
2952524522
2952568660
2953068261
2954014647
2954021594
2956263095
2959878208
2965063910
2965992417
2967233322
2968868378
2969633865
2971579245
2971979242
2972622876
2976705677
2978060700
2978310188
2979491766
2980145022
2980847173
2981182029
2982285030
2986750569
2987427787
2990438488
2991458883
2991530444
2995695868
2996163128
2999276659
2999745734
3004700400
3004934973
3005465404
3009138702
3009347328
3010396118
3012470401
1933065844
2189246496
2355343159
2546819379
2553522418
2558459712
2558578635
2560675361
2565165987
2580872874
2604630936
2731828881
2733276039
2736671825
2741623780
2749952662
2750957829
2757408183
2760005823
2769989147
2778817245
2785389871
2786225488
2787770455
2788012242
2799184518
2803747201
2809263292
2883997473
2890030936
2895258720
2899988678
2904388869
2905458459
2905759590
2909148847
2910171846
2911605501
2911719076
2914422976
2914909867
2917939519
2919870542
2920527457
2920553990
2921743338
2921915536
2928151272
2933697479
2935594133
2938487313
2939461830
2942950293
2947333088
2948568013
2949341133
2949568673
2949629584
2949960352
2949985837
2950385124
2950402709
2950475268
2950668551
2951296423
2951738103
2952059673
2952235283
2953257016
2953270568
2954438498
2955149661
2962596040
2965249190
2968879723
2971715690
2972703796
2972826691
2976068321
2979980191
2980497932
2980801727
2981207549
2981213461
2981458623
2985738161
2987168455
2988089622
2990945603
2993163649
2993703260
3002474619
3003613747
3006754479
3007534667
3007562932
3008744592
3009344874
3010589115
3011135774
3011218151
2204900930
2413204168
2465346528
2518806256
2608948251
2609232568
2619311298
2622559440
2735824434
2740455958
2757930983
2759816466
2767009334
2767693128
2767727041
2771773135
2772539318
2785124307
2786776430
2786800733
2787553714
2787797206
2798363023
2798902093
2802074320
2803446235
2806181750
2807461489
2809213523
2884810024
2885163910
2885398740
2888662204
2889923254
2890003176
2891844856
2896222303
2897804006
2898435086
2898697213
2902232562
2904441038
2907889255
2909629248
2910870181
2912443317
2913465221
2917191389
2928329942
2928982831
2937169192
2939170316
2940940127
2945563437
2945886414
2946361733
2947683095
2948079128
2949403521
2949558709
2949945331
2950405300
2950629812
2950874967
2951642636
2951649469
2951923786
2952015511
2952342379
2952435325
2952545433
2952789668
2953501443
2959343827
2960644152
2960803587
2963549223
2965006690
2965229459
2965361895
2969660123
2972070042
2973403096
2976139866
2976304245
2976986388
2984105066
2989889897
2989891204
2991307567
2991380014
2995485816
2996001619
2998099803
3001530995
3001852703
3004032229
3004645236
3004887924
3006661061
3007276767
3012200188
2346276919
2346566861
2408852031
2522578306
2524985544
2530299326
2551087083
2554178626
2597452529
2606052883
2612953412
2728821832
2730230212
2742760508
2745623527
2745694917
2749976746
2766140019
2766527293
2771247232
2772856957
2781758978
2782975741
2786150157
2792581331
2793412206
2794080999
2798882820
2803767077
2804484509
2805281898
2806377849
2809306619
2810382695
2810542350
2810549470
2811383539
2885083151
2888365676
2891241865
2895035788
2896809327
2897059942
2901307901
2901535455
2901958889
2904699287
2911062585
2914704920
2914754901
2915053383
2920209111
2932883984
2938855819
2942082708
2943237054
2943493972
2944953725
2945453291
2945856626
2945875449
2945893265
2946022203
2946521496
2946894912
2947591107
2947607572
2948913516
2950183359
2950299903
2950482226
2950548836
2950579961
2951418264
2952396187
2952678275
2952754453
2953085354
2955224228
2957535703
2960107581
2964096688
2967593235
2967818432
2969182672
2969324140
2969611071
2970824292
2971750474
2972806207
2974309704
2976949442
2977210028
2979839438
2980661038
2981449480
2981599864
2982378671
2982385734
2984342083
2985981364
2987437939
2993027046
2993977494
2994608952
2995367342
2996092187
2996187892
2996572914
2998968869
3001084665
3003150357
3005466731
3006214968
3012247385
889023230
2173520492
2325237720
2542842296
2604713725
2604918751
2610403318
2618421303
2626369604
2732438050
2738892144
2745990901
2748160576
2753556039
2753918352
2754718400
2766497195
2767175863
2767384006
2769570009
2775453076
2794744817
2794842204
2795112307
2796239628
2798838709
2802840089
2810518847
2879432308
2888465851
2889158616
2890709663
2891627818
2895804883
2896854424
2897946384
2898323977
2899063268
2899388690
2901093070
2902094809
2903795920
2905393998
2908977068
2910172454
2912944597
2919820522
2921176416
2921772171
2928717951
2933875464
2939464253
2939566018
2939738131
2941409151
2945952022
2946038989
2947054175
2948175577
2948588982
2949455283
2950341522
2950571597
2952154415
2952918253
2953410468
2962101532
2962869970
2963762361
2964535056
2968147661
2969261410
2970005612
2973129161
2973465872
2976783011
2977362204
2978479996
2980313216
2981490500
2981641565
2983072359
2983314601
2985805335
2991490656
2993768995
2995766907
2995838630
2997224071
2998096503
2999543279
3005222963
3005854269
3006304308
3007468021
3009264106
3009879036
3010876998
3012528319
2319920447
2321916036
2429667833
2592440977
2611797529
2738686478
2739086061
2741147179
2749928749
2752055492
2762941833
2767406800
2768947685
2774854375
2776140736
2783565819
2785198463
2788475065
2792093324
2796939247
2798393061
2809510444
2810544457
2825063406
2827554450
2881151340
2883853252
2885030880
2887970844
2891308403
2897298524
2898569737
2898799786
2901416087
2902438810
2903182522
2903367245
2920104424
2921118685
2935276166
2941176686
2941446816
2942354372
2943770669
2944661720
2945000837
2945629925
2947445680
2947661206
2949086814
2949423984
2949678110
2950051476
2950681147
2950824652
2951147746
2951213084
2951343470
2951359900
2951635867
2952226636
2953001887
2953010338
2953484651
2953937031
2965409261
2969541233
2971610706
2972830116
2973063925
2975186974
2976595034
2977229822
2979364095
2980086073
2980360762
2980729770
2980775894
2982059980
2983311661
2983681322
2991246679
2991466165
2993737360
2995341577
2995356893
2995360785
2996552406
2998188391
2998630700
3000151827
3004807879
3004882845
3005692288
3008654699
3009357357
3009944684
3010151642
2186101622
2467980042
2559944883
2604352297
2609786609
2610937929
2615236437
2617850607
2731159244
2745153865
2745261679
2766402183
2767050701
2768762802
2769967426
2772011971
2773170971
2776762669
2780528146
2784977129
2785816309
2790882348
2792518155
2796499637
2798431206
2805666847
2806136084
2808236021
2883841019
2889969363
2890193123
2893230400
2894976951
2899646582
2899776123
2901545974
2904453761
2904614653
2910990418
2913777072
2919982731
2922139758
2922437908
2923360627
2924630351
2925509384
2935361128
2935966465
2943248951
2944132009
2945065904
2946927056
2948675031
2949037355
2949074210
2949193663
2949212125
2949434543
2949630209
2949965251
2950089863
2950288794
2950776412
2950923448
2951116937
2951575932
2952255365
2952998108
2953191050
2953385323
2955901742
2956128647
2967307486
2968412066
2968629419
2970418991
2971326276
2973012130
2974300509
2975109395
2980933493
2981629464
2981654239
2982094913
2982291187
2984183810
2986265153
2988190256
2988402696
2989448440
2989778648
2990036335
2990213103
2990374210
2991337365
2992768826
3000060095
3000217983
3002607072
3002801087
3004835491
3005445001
3007330345
2180092181
2401137308
2431962807
2514775068
2530846021
2552465432
2577946330
2607045400
2610395436
2618421739
2626982520
2731106650
2732044853
2734878594
2741907166
2751592082
2751799747
2754876573
2755543420
2770810599
2773706593
2774659647
2782573387
2788425346
2788833116
2796286778
2796417383
2801973044
2803594690
2883616626
2889619879
2890653670
2891443477
2891663328
2891873222
2892635580
2896754084
2898152545
2899078436
2900094004
2900312178
2909750748
2911187317
2911798429
2917052767
2924113821
2932291989
2937349443
2938912017
2943310806
2946687438
2947685135
2947700923
2948566411
2948586190
2949016420
2949541304
2949946191
2950010407
2950025006
2950810411
2950843106
2950946134
2951142218
2951168573
2951212961
2951647648
2951829782
2952191002
2953052971
2953109491
2953611638
2953930489
2955618032
2961152326
2963186354
2963917162
2966138214
2969736800
2971121529
2971674945
2971789279
2971993970
2972063995
2972134583
2973725754
2977766602
2978001013
2978889483
2981654920
2984350576
2987346970
2989595199
2990003585
2990848404
2995110983
2995571775
2997360720
3005603580
3005929844
3006056517
3009634095
3010293452
3011257201
3011383353
3011702232
2264259902
2557442916
2564929713
2604569286
2604906478
2611862713
2623869242
2626778328
2737434030
2741452505
2748414854
2753613501
2755981968
2762531514
2763443044
2765185632
2766283167
2767699072
2768705011
2769427998
2771185254
2782811681
2783482415
2785750851
2786622131
2786851242
2787985482
2788232907
2790996945
2795148578
2795183504
2796691012
2797306806
2798330760
2798732739
2804375686
2808021526
2808049429
2808283260
2831859938
2835434549
2883999732
2889996451
2891180058
2891236373
2895696325
2896776750
2897818259
2898152919
2899412837
2900524642
2903417407
2909792249
2911605832
2912766784
2913218482
2913955340
2917883386
2920945387
2937453609
2937745039
2942133006
2944693192
2944887439
2944897960
2944932215
2945720633
2947720606
2949150864
2949309567
2949428332
2949481348
2949652601
2949992439
2950009906
2950673367
2950834719
2951175225
2951461827
2951868444
2952146642
2952714631
2952809536
2952837014
2952951858
2953297432
2953622591
2954215542
2955636606
2956106163
2963122881
2969678456
2971709506
2973163720
2973302083
2974647428
2979739940
2980239556
2981187905
2982156428
2988851479
2991501229
2995200637
2999120297
3000041772
3005170349
3005382390
3005994722
3006641119
3010275161
3011009322
2561035176
2593413655
2593680318
2609826708
2625350369
2699505375
2733239165
2736596523
2753276256
2755402024
2766579050
2767841519
2768252147
2771305881
2787119853
2799182132
2803042357
2803170315
2804827665
2807130067
2807243501
2810993743
2883484411
2886532121
2887153785
2891702339
2893813829
2894677423
2898417779
2898876366
2902286620
2904975007
2905736442
2906327916
2908046483
2913168413
2914120664
2916376443
2918334248
2929699594
2931702774
2932962440
2937923353
2940534613
2944746440
2944817181
2945007287
2945238055
2945283653
2945367412
2949125351
2949840227
2949945084
2950217418
2950479517
2950568498
2950663335
2950726992
2950817682
2951209438
2951285986
2951471186
2951569546
2951749054
2951856026
2952003181
2952373259
2952802422
2952922300
2954302879
2955388956
2956087352
2960281739
2964458947
2965849559
2967916055
2969278054
2970894060
2971588465
2971608102
2972564045
2972737257
2975909688
2976020782
2976752987
2979063370
2979522445
2980254813
2981021427
2981841623
2981898874
2982692241
2982886816
2983930525
2986922898
2987019345
2989162496
2989640809
2990201079
2990582607
2991552733
2993173455
2994712368
2995129620
2995330835
2996580750
2996811019
3001461369
3006636041
3009628608
3010884024
3011193154
3011830730
3012040405
2173038751
2273879499
2337835375
2405190422
2523714292
2543160993
2584220694
2591674338
2592864539
2593576259
2604794864
2734594771
2758217051
2766108544
2768252793
2769102608
2769769455
2770717329
2771033904
2774817505
2790381683
2792274244
2798397499
2803887251
2807406271
2810671780
2885108794
2897770165
2897791707
2899663142
2900470550
2903172725
2904473683
2904583902
2908685617
2918117688
2920944065
2923016229
2923375803
2934415457
2937492633
2938535438
2944187456
2946065814
2947148496
2947396143
2947665243
2949088214
2949119344
2949364482
2949607454
2949756244
2950116990
2950261365
2950271218
2950887295
2951260810
2951646582
2951696358
2951864354
2952136670
2952300525
2952445672
2952591111
2952740913
2952851098
2953070460
2953283759
2954108589
2957946919
2964535354
2965112580
2971564650
2971612271
2972372678
2973727699
2974577367
2975063902
2976366320
2976445339
2979375081
2980583201
2980630660
2981613521
2981867867
2981924372
2981991365
2982438846
2983938719
2984239773
2987246610
2988312211
2989651853
2990112275
2990595388
2991948961
2995248655
2997101510
2997742385
2998708055
2999344275
3005491901
3005677713
3006250859
3006737473
3007454721
3010077511
3011295976
3011856336
2259424905
2418993857
2541811364
2555363131
2557579533
2601836666
2619034550
2746428075
2749988060
2751694392
2756388459
2759358869
2763431345
2766102369
2766869372
2767621168
2769262677
2782363479
2785362611
2787725528
2792637934
2797871962
2798716503
2798976889
2800233718
2803553068
2805011069
2810631159
2829371370
2883840150
2887695188
2890082223
2892036039
2893711023
2896391192
2896924405
2899386490
2899657052
2899920074
2900105768
2900906990
2903612410
2903723132
2904041269
2905367865
2913141103
2914172564
2914974653
2922234509
2923728357
2936221781
2940235493
2942173509
2944416942
2944741778
2945581894
2945925817
2945927518
2946574682
2947154836
2948012237
2948096105
2948690795
2948884343
2948915413
2949300070
2949444484
2949542312
2949819470
2949939647
2950198697
2950404765
2950652153
2950665485
2950834062
2950997949
2951210508
2951647946
2951748364
2952271892
2952505264
2952595815
2952718061
2953141561
2954124071
2961117861
2964472976
2965572093
2966118557
2968388725
2970196437
2970516735
2971104760
2972119347
2977057132
2980016914
2981084009
2981259322
2981924863
2982328232
2982553189
2982648939
2982876919
2987302349
2987929641
2991531736
2992699148
2993455314
2994496296
2994668340
2995327724
2995568707
2995702654
2995753487
2995878626
2996372826
2996373091
2996767743
3005440315
3006897426
2401306519
2410323755
2625327772
2731543180
2735017898
2735629204
2744760853
2746824050
2754596546
2762899171
2769810959
2769836604
2773530077
2786198934
2787132559
2788308444
2791456771
2796080709
2797581644
2799122342
2799161410
2799860688
2805116782
2807389917
2808513556
2876772800
2883199361
2890844200
2895744121
2899248093
2899275088
2901008872
2901537226
2901839060
2902002028
2905751765
2912625825
2913608349
2924386604
2926176473
2927016023
2936639673
2945217981
2946195064
2946965861
2947056733
2947882447
2949411222
2949523712
2949848065
2951299842
2951325215
2951532668
2951707557
2951746655
2952515199
2952524425
2952621326
2952928559
2955368974
2957396527
2960105305
2965221008
2966402467
2966953718
2969365427
2969766786
2971863715
2972051251
2972253564
2973827203
2974223458
2975973916
2977997709
2979442772
2982392466
2982579859
2984677785
2991431216
2994927236
2996043248
2998488580
2999643132
3004392752
3005187920
3006100768
3006381853
3006500814
3010973527
3011020422
633646897
2174786457
2474425887
2510850444
2515788890
2544860310
2598482664
2604474734
2690848685
2734847366
2749894918
2769277182
2774680561
2778812706
2784958526
2785104118
2787198070
2798514732
2803751389
2808002141
2809972409
2889881553
2890417831
2898834548
2899478368
2900616773
2901773810
2902777869
2904925408
2905043081
2906909967
2907143950
2908513290
2910555006
2913171473
2913860125
2914424171
2915581179
2924397824
2929853905
2929941791
2934601075
2939515836
2940585034
2945570796
2945772520
2946850520
2947483536
2947962063
2948471475
2948578352
2949321901
2949394278
2949557561
2949748713
2949845221
2950085493
2950181200
2950501399
2950569923
2950788731
2951718443
2952773607
2953221754
2954598369
2960002028
2966345719
2967489477
2970447270
2971646704
2971770018
2972399921
2972487609
2973188659
2973205645
2979751829
2980823299
2982041329
2990039632
2990948232
2992401789
2992422826
2996890197
2998600867
2999090131
3004712640
3004902629
3004996675
3006266603
3006828542
3009476605
3010637932
3012341453
2175714310
2557257847
2557389081
2618825949
2732212815
2738801999
2740851334
2753329127
2755126795
2766992522
2769852185
2789541106
2792296443
2796608345
2798534718
2799063700
2799833913
2805481182
2807141747
2884888039
2891581340
2892029939
2893891418
2894662639
2898241237
2902785946
2903697572
2904506438
2905212968
2911987598
2913240554
2913964242
2916046739
2916076862
2927788787
2933359570
2941272490
2944916533
2945003880
2945577597
2946740027
2948539192
2948890321
2949555518
2949725244
2950465472
2950704505
2950919476
2951279761
2951305597
2951473326
2951786670
2951884974
2951996801
2952356812
2952749830
2953033958
2953142863
2953343723
2956041762
2964814532
2965523210
2966217762
2966554469
2966673793
2968415023
2971589527
2972339230
2979388945
2979793132
2979940103
2980645564
2982249444
2986187849
2988076282
2990260138
2990396912
2991116657
2991703072
2995108989
2995755016
2997326985
2997355574
2997921482
2998384476
2998470269
3005333178
3006681849
3007010189
3009459652
3010144333
3011353537
3011924763
3012214247
2173681125
2409550820
2434014514
2546811795
2584900867
2733056802
2735139879
2746363015
2754826374
2770394828
2773522905
2773723600
2774412855
2779918130
2787355347
2787887932
2790600496
2794578224
2795464554
