3012386959
3012388064
3012389398
3012392164
3012393763
3012394401
3012396268
3012396850
3012397227
3012397723
3012397741
3012397870
3012399509
3012400280
3012401453
3012401605
3012402011
3012402041
3012402050
3012402619
3012403781
3012410440
3012411611
3012412414
3012414348
3012414404
3012414552
3012416884
3012416943
3012420248
3012421415
301242427
3012424674
3012424925
3012425539
3012426541
3012427744
3012428089
3012428962
3012431503
3012432583
3012433346
3012435359
3012436946
3012438081
3012438436
3012439218
3012439957
3012443516
3012443731
3012444693
3012444884
3012445938
3012448783
3012451098
3012453763
3012456184
3012457899
3012466737
3012468367
3012470401
3012470916
3012471707
3012473472
3012473796
3012474999
3012475530
3012476159
3012476458
3012478636
3012480215
3012481301
3012486023
3012486924
3012488301
3012489130
3012492834
3012492935
3012496544
3012498622
3012499514
3012501152
3012501605
3012502279
3012502520
3012503698
3012505757
3012507282
3012509266
3012510075
3012514211
3012516156
3012517873
3012518453
3012518976
3012522983
3012523438
3012523838
3012524094
3012524561
3012526009
3012528319
3012528497
3012528553
3012530225
3012533439
3012534412
3012540512
3012540526
3012540684
3012541776
3012542822
3012544020
3012544058
3012544197
3012550338
3012551037
3012554562
3012555423
3012556759
3012557507
3012557525
301773371
301906969
302574554
302823870
302904365
304222615
305000632
305508175
305661908
306302982
308095890
308342080
308462151
308499855
308586393
308677193
309245208
30955769
309672876
309677743
310217393
310579303
310816887
311019828
312106246
312471221
312675961
312876357
313154849
314392953
31453327
314643560
315834793
315953870
317170363
317797172
318255223
318940069
319305893
319415540
319508347
319992822
320608427
32061459
321365571
322125272
32329486
323514178
323712777
324315340
324342126
32509915
32532385
326655324
326710513
327625528
3277280
328368343
329353307
329816956
32997063
33058646
332154321
332274304
332673702
333020365
333217403
3333725
333429618
333532109
333807261
334746501
33509416
335164669
336294471
3365555
337503388
337733400
338733410
339896394
34010726
340942240
340988818
341128909
342290560
342845200
34331258
343410980
343691931
344519912
344766627
345069945
345079091
345705762
346657789
346796737
347064427
347151466
347197115
347686950
348531675
348577798
348749604
349068919
351411551
35149963
35196708
352098292
35215408
353101955
35387897
355035644
355476069
356012825
35799874
36019722
360623563
36121155
36131919
36699664
368270136
37329324
37337140
37588593
3765441
37712801
37721340
379604384
37991703
38204909
384082910
38438716
385864112
386993322
387064946
387299530
39004215
390210891
39071235
391285270
393153616
39368913
39516650
39544418
39604623
396508554
39886162
40063797
40127316
401714238
40201930
402231606
402320515
403293540
404318071
405323996
40658589
40816075
40837621
410850256
411228527
411845244
412124888
41571726
41655505
41684148
41752054
4177294
418983926
422388727
42434468
42485836
428265845
428709370
42971418
4318847
434012258
43677906
43706173
437153884
4407728
4412340
44303705
4481033
44862022
44891524
45138454
46519926
46613160
46791319
4728653
47462134
47533282
47989428
48149942
48707324
48776848
48813473
48839899
49086589
4913547
49236904
49284921
49480995
49543784
50291828
50520852
51022818
51943284
52071268
52091974
52414902
52579566
53023931
53185345
53473085
54286601
54410545
54484711
54703830
55276194
55368740
55380256
55470287
55799869
560548262
56133315
561486561
56370089
56385812
564058385
56406897
564074122
564581980
565153081
566623960
566727173
567125047
56858625
56913804
569770330
56978878
57045458
57088375
572355794
57425329
57439739
575216443
575684422
57579156
576558596
57779822
578108286
57878115
580074167
580164506
580247353
581855948
582055897
583170396
584587801
586806284
588628199
589200591
5896900
589706243
589917745
59040099
590991373
591046810
591097774
59165400
592387976
593018940
593154044
59646681
597289605
597597373
598265583
598647683
599131267
599484887
60120918
601445777
602992737
603536130
604431101
604542539
606017488
606984069
607233492
609399965
61021319
611504524
61311756
613514941
613584192
613888575
61396054
614847882
614948044
616668746
61713515
61806522
618296025
619933701
619954343
62039756
62125437
623716242
623865555
62452097
624827785
62569587
625706468
62577241
626472404
62687772
62732812
627591602
62761347
62761610
627651491
62792553
627986001
629236042
629602502
630119563
63021309
630234
630791213
630883132
631185186
631426486
632333272
632994742
633128216
633646897
63474583
634848499
634872860
635559587
636358068
637153065
638415167
638822709
639317911
63935898
63978059
640676175
641360110
643797872
644179976
646639004
646953574
647550139
648352063
649150376
650496809
65261575
653534090
658159538
65887303
659510205
66254876
66496256
6657555
66885566
67171679
67332047
67860792
67895439
67946471
68005165
68052536
6908809
69170178
69349185
69578278
69853718
70324124
70586932
70598414
70846133
7087849
71335974
71851218
72007423
72161453
72194152
7271355
73008636
73182042
73637996
74233552
74332179
744231259
744422866
744571450
744705577
744862910
745262824
745364130
745429934
745690600
745921918
74596149
746140752
746158866
746264266
746384004
748878567
748958260
749461536
74949391
749652946
750311269
751048960
751677133
752393220
752468506
752496940
753394585
753799398
755655535
755875351
756094247
756166754
756505166
756611012
756858657
757447456
757502775
758106613
758372786
759230635
759265318
76061463
760649516
7610491
762550807
76263314
762906720
763419999
76365985
763684078
764325004
764447330
764799464
76490678
765480287
766051207
766589415
766656035
766779143
766918198
766922509
767683472
767835449
768181013
768239631
768466067
768808963
769237093
769399833
770202150
770273161
77066070
771573594
771698090
771946922
772053521
77236779
772458362
7728809
773040310
773165544
773328233
773452914
774107361
774135413
774445692
774500349
775150227
775493447
77557493
776118061
776482163
776622464
776999930
777363621
777557577
77796445
778137943
778170084
778828832
77903274
779214059
779494576
779665318
781164701
781236589
781539671
782037323
782077188
782787506
783149306
783419490
783749498
784463261
784516434
78469105
785400795
78547387
78560225
785845531
785854688
78702648
787742013
787785461
788162568
788505799
788691821
789003102
789318364
789579324
789897296
790038136
790449367
791275937
791281155
791309213
791694307
792134686
792141054
792160549
792200198
79296947
793269399
793298464
793594426
793728222
794840634
796181159
796211527
796926850
797910048
798795505
798860507
798903261
798909264
799041980
79913995
799206314
799215157
799625451
799888426
800097653
80047990
800591879
801203271
801498703
802700968
803130200
803215671
80336435
803423
803505741
803791801
804412262
804888860
804932610
805064139
805422548
80565017
805815325
806409524
808636952
808886218
808988294
809425289
80953181
809736386
809756689
810042281
811172854
811310697
811364777
811436924
811621981
811707805
811956405
812559208
813383208
813605148
813710634
814014004
814412157
814830356
815613694
815813022
817041652
818265247
818403013
81851533
818525370
818686672
818812972
81948250
819568889
820643866
820850997
821913752
822362947
82253921
822806878
823394483
823464615
824377753
825165083
825726496
82635165
826455576
826512566
826541428
826954055
827764447
827829366
827961177
828809626
829117785
830243665
830553840
830560480
830575572
830996729
83101930
831981842
832071521
83225749
832518843
832720774
832925222
83326211
833537455
833983830
834081922
834692279
835012533
835021485
836351843
836524228
836999996
837170432
837270908
837665369
837813053
83877746
838785265
83889586
839039456
839046596
839520767
83995583
84038150
840469585
841043899
841472321
841572455
844874599
845158382
845171856
845484681
847398455
847813199
84920295
84926671
849428693
849986040
850029481
850463266
850465257
850909210
850914856
851563549
85190413
852711504
85277769
85331447
853600253
85389384
854053868
854223234
854896339
855165587
855915873
855951080
856248759
856944807
857513260
857913802
85838071
858396460
858690472
85972746
85979887
860798779
86197152
862060148
862983937
86328027
866015105
86621870
866477621
86739652
8696858
870084106
870973925
872462367
876765028
878499472
878601292
878989629
87912845
8796604
880392029
881001371
882573045
883373028
883419235
88360193
884902271
886032316
887461674
888413730
889023230
890118803
89057355
89232634
892414265
892495786
892735016
893126783
893147267
89364300
894187191
89456203
896154691
896827445
897102379
899920022
90064165
901642097
901847546
90244097
90347960
903781248
903821920
90598645
90670406
907495690
907728623
90807741
909286659
910343152
911125517
912026729
912380752
913375748
913706808
914058342
915213927
916422627
91799727
918846157
919859439
924455922
925486019
9255041
92567873
92604469
926122850
926338738
92668821
927681281
928327476
92987052
93117474
931380716
931710425
931761379
93343750
933799469
93498952
935564312
938188971
939530631
94109713
941230081
941393951
941518127
941810826
9420056
94271889
943784043
944835243
94501141
946256365
947105725
94833765
94922150
95053101
95166803
95171454
954089079
954769752
95488835
956584773
95716193
959894868
959935695
96054451
96146822
96152805
963020091
96403140
964051551
964554265
965179400
965675865
9657784
967544008
97275946
973866062
975085872
975491072
97558857
97688833
977514099
977768823
977994861
980197797
980556636
980713158
981139203
981269327
981311530
981523069
9822165
98231526
983218643
98454352
985163268
985544890
98577079
98580527
985811474
98607775
986585644
987277336
98825195
990722581
991701984
99189775
992132598
992430327
992687842
992689895
993266367
99356858
99485931
995408208
996591170
998260344
998513720
99927159
99952873
999565437
